           2
           8
           9
           1
           3
          58
           2
           4
          11
           3
           5
          60
           4
           6
          13
           5
           7
          62
           6
           8
          15
           7
           1
          64
          10
          16
           1
           9
          11
          18
          10
          12
           3
          11
          13
          20
          12
          14
           5
          13
          15
          22
          14
          16
           7
          15
           9
          24
          18
          24
          25
          17
          19
          10
          18
          20
          27
          19
          21
          12
          20
          22
          29
          21
          23
          14
          22
          24
          31
          23
          17
          16
          26
          32
          17
          25
          27
          34
          26
          28
          19
          27
          29
          36
          28
          30
          21
          29
          31
          38
          30
          32
          23
          31
          25
          40
          34
          40
          41
          33
          35
          26
          34
          36
          43
          35
          37
          28
          36
          38
          45
          37
          39
          30
          38
          40
          47
          39
          33
          32
          42
          48
          33
          41
          43
          50
          42
          44
          35
          43
          45
          52
          44
          46
          37
          45
          47
          54
          46
          48
          39
          47
          41
          56
          50
          56
          57
          49
          51
          42
          50
          52
          59
          51
          53
          44
          52
          54
          61
          53
          55
          46
          54
          56
          63
          55
          49
          48
          58
          64
          49
          57
          59
           2
          58
          60
          51
          59
          61
           4
          60
          62
          53
          61
          63
           6
          62
          64
          55
          63
          57
           8
