           2 ,           2 ,           2 ,
           1 ,           1 ,           1 ,
           1 ,           1 ,           1 ,
           1 ,           1 ,           1 ,
           1 ,           1 ,           1 ,
           1 ,           1 ,           1 ,
           1 ,           1 ,           1 ,
           1 ,           1 ,           1 ,
           1 ,           1 ,           1 ,
           1 ,           1 ,           1 ,
           1 ,           1 ,           1 ,
           1 ,           1 ,           1 ,
           1 ,           1 ,           1 ,
           1 ,           1 ,           1 ,
           1 ,           1 ,           1 ,
           1 ,           1 ,           1 ,
           1 ,           1 ,           1 ,
           1 ,           1 ,           1 ,
           1 ,           1 ,           1 ,
           1 ,           1 ,           1 ,
          22 ,          22 ,          22 ,
           1 ,           1 ,           1 ,
           1 ,           1 ,           1 ,
           1 ,           1 ,           1 ,
           1 ,           1 ,           1 ,
           1 ,           1 ,           1 ,
           1 ,           1 ,           1 ,
           1 ,           1 ,           1 ,
           1 ,           1 ,           1 ,
           1 ,           1 ,           1 ,
           1 ,           1 ,           1 ,
           1 ,           1 ,           1 ,
           1 ,           1 ,           1 ,
           1 ,           1 ,           1 ,
           1 ,           1 ,           1 ,
           1 ,           1 ,           1 ,
           1 ,           1 ,           1 ,
           1 ,           1 ,           1 ,
           1 ,           1 ,           1 ,
           1 ,           1 ,           1 ,
          42 ,          42 ,          42 ,
           1 ,           1 ,           1 ,
           1 ,           1 ,           1 ,
           1 ,           1 ,           1 ,
           1 ,           1 ,           1 ,
           1 ,           1 ,           1 ,
           1 ,           1 ,           1 ,
           1 ,           1 ,           1 ,
           1 ,           1 ,           1 ,
           1 ,           1 ,           1 ,
           1 ,           1 ,           1 ,
           1 ,           1 ,           1 ,
           1 ,           1 ,           1 ,
           1 ,           1 ,           1 ,
           1 ,           1 ,           1 ,
           1 ,           1 ,           1 ,
           1 ,           1 ,           1 ,
           1 ,           1 ,           1 ,
           1 ,           1 ,           1 ,
           1 ,           1 ,           1 ,
          41 ,          41 ,          41 ,
           1 ,           1 ,           1 ,
           1 ,           1 ,           1 ,
           1 ,           1 ,           1 ,
           1 ,           1 ,           1 ,
           0 ,           0 ,           0 ,
           1 ,           1 ,           1 ,
           1 ,           1 ,           1 ,
           1 ,           1 ,           1 ,
           1 ,           1 ,           1 ,
           1 ,           1 ,           1 ,
           1 ,           1 ,           1 ,
           1 ,           1 ,           1 ,
           1 ,           1 ,           1 ,
           1 ,           1 ,           1 ,
           1 ,           1 ,           1 ,
           1 ,           1 ,           1 ,
           1 ,           1 ,           1 ,
           1 ,           1 ,           1 ,
           1 ,           1 ,           1 ,
          82 ,          82 ,          82 ,
           1 ,           1 ,           1 ,
           1 ,           1 ,           1 ,
           1 ,           1 ,           1 ,
           1 ,           1 ,           1 ,
           1 ,           1 ,           1 ,
          88 ,          88 ,          88 ,
           1 ,           1 ,           1 ,
           1 ,           1 ,           1 ,
           1 ,           1 ,           1 ,
           1 ,           1 ,           1 ,
           1 ,           1 ,           1 ,
           1 ,           1 ,           1 ,
           1 ,           1 ,           1 ,
           1 ,           1 ,           1 ,
           1 ,           1 ,           1 ,
           1 ,           1 ,           1 ,
           1 ,           1 ,           1 ,
           1 ,           1 ,           1 ,
           1 ,           1 ,           1 ,
          81 ,          81 ,          81 ,
           1 ,           1 ,           1 ,
           1 ,           1 ,           1 ,
           1 ,           1 ,           1 ,
           0 ,           0 ,           0 ,
           1 ,           1 ,           1 ,
          87 ,          87 ,          87 ,
           1 ,           1 ,           1 ,
           1 ,           1 ,           1 ,
           1 ,           1 ,           1 ,
           1 ,           1 ,           1 ,
           1 ,           1 ,           1 ,
           1 ,           1 ,           1 ,
           1 ,           1 ,           1 ,
           1 ,           1 ,           1 ,
           1 ,           1 ,           1 ,
           1 ,           1 ,           1 ,
           1 ,           1 ,           1 ,
           1 ,           1 ,           1 ,
           1 ,           1 ,           1 ,
           0 ,           0 ,           0 ,
           0 ,           0 ,           0 ,
           0 ,           0 ,           0 ,
           0 ,           0 ,           0 ,
           0 ,           0 ,           0 ,
           0 ,           0 ,           0 ,
           0 ,           0 ,           0 ,
           0 ,           0 ,           0 ,
           0 ,           0 ,           0 ,
           1 ,           1 ,           1 ,
           0 ,           0 ,           0 ,
           0 ,           0 ,           0 ,
           0 ,           0 ,           0 ,
           0 ,           0 ,           0 ,
           0 ,           0 ,           0 ,
           0 ,           0 ,           0 ,
           0 ,           0 ,           0 ,
           0 ,           0 ,           0 ,
           0 ,           0 ,           0 ,
           0 ,           0 ,           0 ,
           0 ,           0 ,           0 ,
           0 ,           0 ,           0 ,
           0 ,           0 ,           0 ,
           0 ,           0 ,           0 ,
           0 ,           0 ,           0 ,
           0 ,           0 ,           0 ,
           0 ,           0 ,           0 ,
           0 ,           0 ,           0 ,
           0 ,           0 ,           0 ,
           0 ,           0 ,           0 ,
           0 ,           0 ,           0 ,
           1 ,           1 ,           1 ,
           0 ,           0 ,           0 ,
           0 ,           0 ,           0 ,
           0 ,           0 ,           0 ,
           0 ,           0 ,           0 ,
           0 ,           0 ,           0 ,
           0 ,           0 ,           0 ,
           0 ,           0 ,           0 ,
           0 ,           0 ,           0 ,
           0 ,           0 ,           0 ,
           0 ,           0 ,           0 ,
           0 ,           0 ,           0 ,
           0 ,           0 ,           0 ,
           0 ,           0 ,           0 ,
           0 ,           0 ,           0 ,
           0 ,           0 ,           0 ,
           0 ,           0 ,           0 ,
           0 ,           0 ,           0 ,
           0 ,           0 ,           0 ,
           0 ,           0 ,           0 ,
           0 ,           0 ,           0 ,
           0 ,           0 ,           0 ,
           0 ,           0 ,           0 ,
           0 ,           0 ,           0 ,
           1 ,           1 ,           1 ,
           0 ,           0 ,           0 ,
           0 ,           0 ,           0 ,
           0 ,           0 ,           0 ,
           0 ,           0 ,           0 ,
           0 ,           0 ,           0 ,
           0 ,           0 ,           0 ,
           0 ,           0 ,           0 ,
           0 ,           0 ,           0 ,
           0 ,           0 ,           0 ,
           0 ,           0 ,           0 ,
           0 ,           0 ,           0 ,
           0 ,           0 ,           0 ,
           0 ,           0 ,           0 ,
           0 ,           0 ,           0 ,
           0 ,           0 ,           0 ,
           0 ,           0 ,           0 ,
           0 ,           0 ,           0 ,
           0 ,           0 ,           0 ,
           0 ,           0 ,           0 ,
           0 ,           0 ,           0 ,
           0 ,           0 ,           0 ,
           0 ,           0 ,           0 ,
           0 ,           0 ,           0 ,
           0 ,           0 ,           0 ,
           0 ,           0 ,           0 ,
           1 ,           1 ,           1 ,
           0 ,           0 ,           0 ,
           0 ,           0 ,           0 ,
           0 ,           0 ,           0 ,
           0 ,           0 ,           0 ,
           0 ,           0 ,           0 ,
           0 ,           0 ,           0 ,
           0 ,           0 ,           0 ,
           0 ,           0 ,           0 ,
           0 ,           0 ,           0 ,
           0 ,           0 ,           0 ,
           0 ,           0 ,           0 ,
           0 ,           0 ,           0 ,
           0 ,           0 ,           0 ,
           0 ,           0 ,           0 ,
           0 ,           0 ,           0 ,
           0 ,           0 ,           0 ,
           0 ,           0 ,           0 ,
           0 ,           0 ,           0 ,
           0 ,           0 ,           0 ,
           0 ,           0 ,           0 ,
           0 ,           0 ,           0 ,
           0 ,           0 ,           0 ,
           0 ,           0 ,           0 ,
           0 ,           0 ,           0 ,
           0 ,           0 ,           0 ,
           0 ,           0 ,           0 ,
           0 ,           0 ,           0 ,
           1 ,           1 ,           1 ,
           0 ,           0 ,           0 ,
           0 ,           0 ,           0 ,
           0 ,           0 ,           0 ,
           0 ,           0 ,           0 ,
           0 ,           0 ,           0 ,
           0 ,           0 ,           0 ,
           0 ,           0 ,           0 ,
           0 ,           0 ,           0 ,
           0 ,           0 ,           0 ,
           0 ,           0 ,           0 ,
           0 ,           0 ,           0 ,
           0 ,           0 ,           0 ,
           0 ,           0 ,           0 ,
           0 ,           0 ,           0 ,
           0 ,           0 ,           0 ,
           0 ,           0 ,           0 ,
           0 ,           0 ,           0 ,
           0 ,           0 ,           0 ,
           0 ,           0 ,           0 ,
           0 ,           0 ,           0 ,
           0 ,           0 ,           0 ,
           0 ,           0 ,           0 ,
           0 ,           0 ,           0 ,
           0 ,           0 ,           0 ,
           0 ,           0 ,           0 ,
           0 ,           0 ,           0 ,
           0 ,           0 ,           0 ,
           0 ,           0 ,           0 ,
           0 ,           0 ,           0 ,
           1 ,           1 ,           1 ,
           0 ,           0 ,           0 ,
           0 ,           0 ,           0 ,
           0 ,           0 ,           0 ,
           0 ,           0 ,           0 ,
           0 ,           0 ,           0 ,
           0 ,           0 ,           0 ,
           0 ,           0 ,           0 ,
           0 ,           0 ,           0 ,
           0 ,           0 ,           0 ,
           0 ,           0 ,           0 ,
           0 ,           0 ,           0 ,
           0 ,           0 ,           0 ,
           0 ,           0 ,           0 ,
           0 ,           0 ,           0 ,
           0 ,           0 ,           0 ,
           0 ,           0 ,           0 ,
           0 ,           0 ,           0 ,
           0 ,           0 ,           0 ,
           0 ,           0 ,           0 ,
           0 ,           0 ,           0 ,
           0 ,           0 ,           0 ,
           0 ,           0 ,           0 ,
           0 ,           0 ,           0 ,
           0 ,           0 ,           0 ,
           0 ,           0 ,           0 ,
           0 ,           0 ,           0 ,
           0 ,           0 ,           0 ,
           0 ,           0 ,           0 ,
           0 ,           0 ,           0 ,
           0 ,           0 ,           0 ,
           0 ,           0 ,           0 ,
           1 ,           1 ,           1 ,
           0 ,           0 ,           0 ,
           0 ,           0 ,           0 ,
           0 ,           0 ,           0 ,
           0 ,           0 ,           0 ,
           0 ,           0 ,           0 ,
           0 ,           0 ,           0 ,
           0 ,           0 ,           0 ,
           0 ,           0 ,           0 ,
           0 ,           0 ,           0 ,
           0 ,           0 ,           0 ,
           0 ,           0 ,           0 ,
           0 ,           0 ,           0 ,
           0 ,           0 ,           0 ,
           0 ,           0 ,           0 ,
           0 ,           0 ,           0 ,
           0 ,           0 ,           0 ,
           0 ,           0 ,           0 ,
           0 ,           0 ,           0 ,
           0 ,           0 ,           0 ,
           0 ,           0 ,           0 ,
           0 ,           0 ,           0 ,
           0 ,           0 ,           0 ,
           0 ,           0 ,           0 ,
           0 ,           0 ,           0 ,
           0 ,           0 ,           0 ,
           0 ,           0 ,           0 ,
           0 ,           0 ,           0 ,
           0 ,           0 ,           0 ,
           0 ,           0 ,           0 ,
           0 ,           0 ,           0 ,
           0 ,           0 ,           0 ,
           0 ,           0 ,           0 ,
           0 ,           0 ,           0 ,
           1 ,           1 ,           1 ,
           0 ,           0 ,           0 ,
           0 ,           0 ,           0 ,
           0 ,           0 ,           0 ,
           0 ,           0 ,           0 ,
           0 ,           0 ,           0 ,
           0 ,           0 ,           0 ,
           0 ,           0 ,           0 ,
           0 ,           0 ,           0 ,
           0 ,           0 ,           0 ,
           0 ,           0 ,           0 ,
           0 ,           0 ,           0 ,
           0 ,           0 ,           0 ,
           0 ,           0 ,           0 ,
           0 ,           0 ,           0 ,
           0 ,           0 ,           0 ,
           0 ,           0 ,           0 ,
           0 ,           0 ,           0 ,
           0 ,           0 ,           0 ,
           0 ,           0 ,           0 ,
           0 ,           0 ,           0 ,
           0 ,           0 ,           0 ,
           0 ,           0 ,           0 ,
           0 ,           0 ,           0 ,
           0 ,           0 ,           0 ,
           0 ,           0 ,           0 ,
           0 ,           0 ,           0 ,
           0 ,           0 ,           0 ,
           0 ,           0 ,           0 ,
           0 ,           0 ,           0 ,
           0 ,           0 ,           0 ,
           0 ,           0 ,           0 ,
           0 ,           0 ,           0 ,
           0 ,           0 ,           0 ,
           0 ,           0 ,           0 ,
           0 ,           0 ,           0 ,
           1 ,           1 ,           1 ,
           0 ,           0 ,           0 ,
           0 ,           0 ,           0 ,
           0 ,           0 ,           0 ,
           0 ,           0 ,           0 ,
           0 ,           0 ,           0 ,
           0 ,           0 ,           0 ,
           0 ,           0 ,           0 ,
           0 ,           0 ,           0 ,
           0 ,           0 ,           0 ,
           0 ,           0 ,           0 ,
           0 ,           0 ,           0 ,
           0 ,           0 ,           0 ,
           0 ,           0 ,           0 ,
           0 ,           0 ,           0 ,
           0 ,           0 ,           0 ,
           0 ,           0 ,           0 ,
           0 ,           0 ,           0 ,
           0 ,           0 ,           0 ,
           0 ,           0 ,           0 ,
           0 ,           0 ,           0 ,
           0 ,           0 ,           0 ,
           0 ,           0 ,           0 ,
           0 ,           0 ,           0 ,
           0 ,           0 ,           0 ,
           0 ,           0 ,           0 ,
           0 ,           0 ,           0 ,
           0 ,           0 ,           0 ,
           0 ,           0 ,           0 ,
           0 ,           0 ,           0 ,
           0 ,           0 ,           0 ,
           0 ,           0 ,           0 ,
           0 ,           0 ,           0 ,
           0 ,           0 ,           0 ,
           0 ,           0 ,           0 ,
           0 ,           0 ,           0 ,
           0 ,           0 ,           0 ,
           0 ,           0 ,           0 ,
           0 ,           0 ,           1 ,
